DateTime,Entries,UniqueIPs
1578512191,351,351
1578534252,350,350
1578556116,349,349
1578578189,343,343
1578600152,338,338
1578622121,327,327
1578644216,324,324
1578666649,320,320
1578688831,320,320
1578711152,319,319
1578733302,317,317
1578755311,314,314
1578777159,307,307
1578799217,300,300
1578821058,286,286
1578843174,282,282
1578865225,275,275
1578887310,265,265
1578909403,258,258
1578931526,243,243
1578953930,235,235
1578975861,225,225
1578997953,218,218
1579020012,217,217
1579041861,210,210
1579063950,203,203
1579086109,194,194
1579108120,184,184
1579129980,172,172
1579152028,164,164
1579174118,158,158
1579195970,149,149
1579218256,141,141
1579240115,129,129
1579262187,109,109
1579284148,101,101
1579306109,77,77
1579328186,68,68
1579350253,44,44
1579372096,28,28
1579394197,28,28
1579416253,30,30
1579438111,31,31
1579515381,32,32
1579559336,31,31
1579581375,30,30
1579603457,31,31
1579625300,30,30
1579669316,28,28
1579691565,26,26
1579713673,25,25
1579735687,26,26
1579779659,27,27
1579824073,28,28
1579846106,29,29
1579868217,29,29
1579890252,28,28
1579912363,29,29
1579978605,27,27
1580022508,26,26
1580044353,25,25
1580066424,27,27
1580110355,28,28
1580154266,29,29
1580198168,28,28
1580220113,29,29
1580264174,32,32
1580286016,34,34
1580307925,36,36
1580329935,35,35
1580373872,34,34
1580395931,37,37
1580417782,38,38
1580450712,36,36
1580494588,36,36
1580516656,37,37
1580538496,38,38
1580560336,39,39
1580626109,40,40
1580670044,38,38
1580714414,37,37
1580736272,38,38
1580758342,41,41
1580780193,42,42
1580802266,43,43
1580824111,41,41
1580846184,43,43
1580868134,41,41
1580890115,40,40
1580912178,37,37
1580999787,36,36
1581021851,35,35
1581043707,36,36
1581065550,35,35
1581109279,34,34
1581131335,33,33
1581153379,33,33
1581175221,31,31
1581240988,30,30
1581329031,29,29
1581351168,28,28
1581373214,26,26
1581395066,25,25
1581417146,26,26
1581438999,25,25
1581461070,25,25
1581504985,26,26
1581570991,25,25
1581615146,26,26
1581659059,25,25
1581757952,26,26
1581801865,27,27
1581911536,26,26
1582009988,26,26
1582163311,27,27
1582361326,26,26
1582405718,25,25
1582493827,29,29
1582515854,31,31
1582537732,33,33
1582559793,38,38
1582603704,36,36
1582625553,35,35
1582647630,35,35
1582669696,39,39
1582691537,41,41
1582713614,46,46
1582735459,46,46
1582757529,41,41
1582790904,35,35
1582812748,36,36
1582900814,38,38
1582922671,40,40
1582944731,43,43
1582966584,49,49
1583010522,50,50
1583054653,51,51
1583076734,55,55
1583098627,51,51
1583120673,56,56
1583142735,56,56
1583164588,52,52
1583197819,54,54
1583219784,55,55
1583241858,60,60
1583263940,58,58
1583286012,63,63
1583307853,58,58
1583329697,58,58
1583373650,57,57
1583395699,59,59
1583417773,63,63
1583439615,69,69
1583461688,74,74
1583483542,76,76
1583505615,75,75
1583527697,77,77
1583549772,75,75
1583571741,69,69
1583593689,72,72
1583615531,74,74
1583637377,77,77
1583659452,78,78
1583681296,77,77
1583703372,78,78
1583725236,71,71
1583747296,70,70
1583769418,73,73
1583791302,74,74
1583813329,78,78
1583835185,78,78
1583857241,75,75
1583879293,71,71
1583901153,69,69
1583923213,66,66
1583945071,63,63
1583967150,64,64
1583988999,63,63
1584010920,64,64
1584032927,61,61
1584054990,57,57
1584077056,54,54
1584099153,57,57
1584121215,58,58
1584143066,58,58
1584176174,56,56
1584209090,54,54
1584230973,52,52
1584252980,54,54
1584275094,55,55
1584297169,56,56
1584319215,57,57
1584341069,57,57
1584362910,56,56
1584407317,52,52
1584429377,50,50
1584451228,48,48
1584516989,47,47
1584538859,48,48
1584560895,48,48
1584582750,50,50
1584604590,51,51
1584637731,47,47
1584659785,47,47
1584681851,45,45
1584703725,44,44
1584725773,41,41
1584747613,38,38
1584813380,34,34
1584846502,30,30
1584868574,28,28
1584890437,28,28
1584912492,26,26
1584934341,26,26
1584956197,25,25
1584978260,23,23
1585000104,21,21
1585021954,19,19
1585044170,17,17
1585154370,16,16
1585176250,14,14
1585198108,12,12
1585220187,11,11
1585242064,10,10
1585264094,6,6
1585483933,4,4
1585505820,3,3
1585549933,1,1
1585572014,2,2
1585615702,1,1
1585659661,2,2
1585780612,3,3
1585846579,4,4
1586176336,5,5
1586242332,6,6
1586264559,5,5
1586352295,6,6
1586374332,5,5
1586440335,4,4
1586484192,5,5
1586594186,6,6
1586660173,7,7
1586693313,8,8
1586759646,9,9
1586781610,7,7
1586803458,8,8
1586847380,7,7
1586913142,8,8
1586957299,9,9
1587023297,10,10
1587045384,11,11
1587089321,10,10
1587177386,11,11
1587199477,10,10
1587265298,10,10
1587287303,9,9
1587309385,10,10
1587375507,9,9
1587540972,9,9
1587562849,7,7
1587606972,8,8
1587639882,11,11
1587661945,11,11
1587771867,10,10
1587815772,12,12
1587848665,14,14
1587914666,13,13
1588024568,14,14
1588046469,15,15
1588068491,18,18
1588090583,19,19
1588134493,18,18
1588222345,13,13
1588266506,11,11
1588420105,8,8
1588442170,6,6
1588464300,7,7
1588486576,9,9
1588508691,10,10
1588552814,11,11
1588640550,9,9
1588684570,7,7
1589079861,6,6
1589101707,4,4
1589123803,3,3
1589145661,2,2
1589167735,1,1
1589277770,0,0
1589316270,1,1
1589360180,2,2
1589635044,3,3
1589789859,4,4
1589811895,5,5
1589878365,6,6
1589922505,6,6
1589966429,5,5
1589989295,6,6
1590033179,520,520
1590154355,522,522
1590176436,524,524
1590198499,526,526
1590242476,525,525
1590374188,526,526
1590396272,525,525
1590495388,524,524
1590561213,525,525
1590583271,525,525
1590605287,524,524
1590758658,522,522
1590780735,520,520
1590802583,519,519
1590868576,11,11
1590934344,10,10
1590978264,9,9
1591044265,10,10
1591066336,11,11
1591121297,11,11
1591143160,10,10
1591165235,10,10
1591187548,8,8
1591253549,7,7
1591341623,6,6
1591363688,5,5
1591385546,4,4
1591572487,5,5
1591616412,9,9
1591638269,9,9
1591660430,8,8
1591693451,520,520
1591715311,522,522
1591737755,522,522
1591759686,524,524
1591781545,525,525
1591803622,527,527
1591825482,528,528
1591891343,529,529
1591913554,530,530
1591935399,532,532
1591957465,534,534
1591979599,535,535
1592001609,537,537
1592067137,538,538
1592089354,539,539
1592155476,540,540
1592177548,539,539
1592221496,537,537
1592243537,536,536
1592309553,29,29
1592331608,31,31
1592353485,31,31
1592375541,32,32
1592397395,33,33
1592419457,35,35
1592441551,38,38
1592463804,44,44
1592485711,49,49
1592507552,51,51
1592529620,57,57
1592551690,56,56
1592573552,56,56
1592595613,58,58
1592617492,57,57
1592639563,58,58
1592661946,59,59
1592683935,59,59
1592705782,59,59
1592727874,62,62
1592771792,61,61
1592815695,62,62
1592837541,63,63
1592903560,62,62
1592925610,61,61
1592947451,60,60
1593013212,57,57
1593035083,55,55
1593057164,51,51
1593090280,46,46
1593112357,42,42
1593134415,37,37
1593156492,35,35
1593178455,32,32
1593200410,30,30
1593222257,28,28
1593244127,27,27
1593265971,27,27
1593299105,21,21
1593321140,20,20
1593343237,15,15
1593365291,10,10
1593387133,8,8
1593408994,4,4
1593452911,4,4
1593475001,6,6
1593496922,7,7
1593563057,8,8
1593585304,9,9
1593629353,10,10
1593684577,11,11
1593728675,12,12
1593772812,13,13
1593816738,15,15
1593838596,17,17
1593871460,17,17
1593915160,16,16
1593937009,16,16
1594068969,14,14
1594101896,13,13
1594168137,13,13
1594190122,13,13
1594233875,13,13
1594277871,14,14
1594299869,14,14
1594365885,15,15
1594410011,14,14
1594431879,13,13
1594453946,14,14
1594498097,16,16
1594542036,15,15
1594586197,16,16
1594696731,17,17
1594718709,18,18
1594740733,21,21
1594762851,22,22
1594784926,22,22
1594806985,21,21
1594829087,22,22
1594851167,22,22
1594873235,22,22
1594895087,21,21
1594961084,21,21
1595016282,20,20
1595038136,22,22
1595060172,19,19
1595082280,20,20
1595104339,18,18
1595148520,20,20
1595170422,21,21
1595192671,21,21
1595214762,23,23
1595302814,22,22
1595324916,22,22
1595346969,21,21
1595368943,19,19
1595391448,18,18
1595413484,19,19
1595435528,19,19
1595457436,19,19
1595479456,20,20
1595501355,21,21
1595556370,21,21
1595578363,19,19
1595622288,18,18
1595644333,17,17
1595666197,18,18
1595688251,20,20
1595710128,21,21
1595754157,20,20
1595776130,19,19
1595798174,18,18
1595820314,16,16
1595864203,17,17
1595886253,19,19
1595908128,20,20
1595930168,19,19
1595952145,20,20
1595996170,22,22
1596018044,21,21
1596040125,20,20
1596061970,19,19
1596084009,18,18
1596105888,17,17
1596128013,18,18
1596161091,18,18
1596204972,19,19
1596248934,18,18
1596292816,17,17
1596314943,14,14
1596336973,15,15
1596358892,14,14
1596402976,15,15
1596446896,16,16
1596468767,16,16
1596490805,15,15
1596534730,17,17
1596611785,14,14
1596744092,13,13
1596810039,14,14
1596875805,15,15
1596919719,17,17
1596941779,16,16
1596963663,15,15
1597007592,14,14
1597051496,13,13
1597172677,12,12
1597216809,11,11
1597282383,12,12
1597304411,13,13
1597326280,15,15
1597348364,14,14
1597370506,15,15
